0.115,0.631 -1.398,0.952 -3.351,1.081 -4.657,1.052 -5.599,0.85
-0.6,0.978 -0.833,1.322 -2.76,1.417 -4.492,1.334 -5.656,1.082
-0.978,0.981 -0.978,1.509 -1.745,1.659 -3.67,1.55 -5.231,1.255
-1.202,0.859 -1.202,1.523 -1.202,1.769 -2.619,1.676 -4.411,1.361
-1.346,0.757 -1.346,1.427 -1.346,1.742 -1.651,1.698 -3.399,1.39
-1.443,0.683 -1.443,1.284 -1.443,1.611 -1.443,1.606 -2.361,1.339
-1.512,0.626 -1.512,1.118 -1.512,1.4 -1.512,1.422 -1.674,1.209
-1.563,0.57 -1.563,0.921 -1.563,1.135 -1.563,1.174 -1.563,1.007
-1.602,0.458 -1.602,0.682 -1.602,0.84 -1.602,0.887 -1.602,0.758
-1.632,0.244 -1.632,0.419 -1.632,0.541 -1.632,0.585 -1.632,0.484
