-1.03,0.608 -4.303,0.9 -5.844,1.042 -6.625,1.025 -7.085,0.833
-0.6,0.978 -3.207,1.276 -5.596,1.368 -6.787,1.3 -7.49,1.058
-0.978,0.981 -1.55,1.497 -4.538,1.607 -6.421,1.505 -7.387,1.224
-1.202,0.859 -1.202,1.523 -2.959,1.734 -5.518,1.624 -6.995,1.32
-1.346,0.757 -1.346,1.427 -1.677,1.735 -4.204,1.649 -6.27,1.34
-1.443,0.683 -1.443,1.284 -1.443,1.611 -2.715,1.58 -5.211,1.286
-1.512,0.626 -1.512,1.118 -1.512,1.4 -1.619,1.42 -3.908,1.165
-1.563,0.57 -1.563,0.921 -1.563,1.135 -1.563,1.174 -2.606,0.986
-1.602,0.458 -1.602,0.682 -1.602,0.84 -1.602,0.887 -1.686,0.756
-1.632,0.244 -1.632,0.419 -1.632,0.541 -1.632,0.585 -1.632,0.484
