0.115,0.631 0.115,0.982 0.115,1.147 0.115,1.139 -0.072,0.948
-0.6,0.978 -0.6,1.326 -0.6,1.459 -0.6,1.408 -0.6,1.174
-0.978,0.981 -0.978,1.509 -0.978,1.674 -0.978,1.602 -0.978,1.335
-1.202,0.859 -1.202,1.523 -1.202,1.769 -1.202,1.704 -1.202,1.422
-1.346,0.757 -1.346,1.427 -1.346,1.742 -1.346,1.704 -1.346,1.43
-1.443,0.683 -1.443,1.284 -1.443,1.611 -1.443,1.606 -1.443,1.357
-1.512,0.626 -1.512,1.118 -1.512,1.4 -1.512,1.422 -1.512,1.212
-1.563,0.57 -1.563,0.921 -1.563,1.135 -1.563,1.174 -1.563,1.007
-1.602,0.458 -1.602,0.682 -1.602,0.84 -1.602,0.887 -1.602,0.758
-1.632,0.244 -1.632,0.419 -1.632,0.541 -1.632,0.585 -1.632,0.484
